0 0.422266 0.606250 0.035156 0.048611
0 0.813477 0.575694 0.037109 0.029167
0 0.717578 0.581944 0.049219 0.033333
0 0.471266 0.601736 0.019531 0.025000
0 0.838789 0.572222 0.035391 0.027778
0 0.009375 0.649306 0.018750 0.073611
0 0.751563 0.579861 0.029687 0.023611
0 0.926172 0.567361 0.042969 0.026389
0 0.451953 0.597222 0.016406 0.022222
0 0.630781 0.592986 0.052344 0.023472
0 0.404008 0.599792 0.009484 0.029444
0 0.986773 0.563069 0.026453 0.026389
0 0.680063 0.591750 0.061953 0.024861
0 0.639242 0.575986 0.031875 0.013056
