0 0.605469 0.586111 0.071875 0.088889
0 0.450000 0.579167 0.034375 0.050000
0 0.771875 0.568750 0.068750 0.076389
0 0.030469 0.567361 0.060937 0.101389
0 0.401562 0.583333 0.071875 0.088889
0 0.506641 0.577778 0.039844 0.058333
0 0.982422 0.768750 0.035156 0.273611
0 0.473828 0.568056 0.022656 0.030556
0 0.102344 0.555556 0.089063 0.083333
0 0.850391 0.572917 0.108594 0.101389
0 0.563199 0.573132 0.030102 0.043069
0 0.017902 0.506861 0.035805 0.035722
0 0.149219 0.665278 0.287500 0.283333
0 0.950781 0.569444 0.098437 0.111111
