0 0.462500 0.615972 0.107813 0.168056
0 0.329688 0.585417 0.051562 0.065278
0 0.408984 0.580556 0.032031 0.058333
0 0.959375 0.531944 0.079687 0.047222
0 0.276703 0.565771 0.014016 0.021569
0 0.352684 0.572653 0.014398 0.033778
0 0.387891 0.573611 0.024219 0.038889
0 0.260937 0.572222 0.020313 0.027778
0 0.551172 0.565972 0.039844 0.034722
0 0.364844 0.572222 0.020313 0.027778
0 0.789922 0.543681 0.064375 0.051250
0 0.602734 0.558333 0.028906 0.033333
0 0.712109 0.620833 0.216406 0.205556
0 0.916016 0.595833 0.128906 0.075000
0 0.525508 0.564174 0.021563 0.030875
0 0.510105 0.559319 0.020164 0.024639
0 0.575434 0.561243 0.032805 0.033319
0 0.191406 0.591667 0.064062 0.063889
0 0.096875 0.598611 0.068750 0.061111
