0 0.299766 0.572222 0.032344 0.036111
0 0.256953 0.575694 0.042031 0.037500
0 0.418203 0.574514 0.009844 0.014861
0 0.091016 0.590278 0.036719 0.061111
0 0.322203 0.574340 0.020516 0.029569
0 0.563773 0.569111 0.031672 0.027389
0 0.489148 0.572181 0.006641 0.023194
0 0.273094 0.572583 0.033359 0.036667
0 0.208039 0.578007 0.042250 0.042764
0 0.130469 0.580556 0.114062 0.069444
0 0.522266 0.581250 0.032031 0.037500
0 0.460938 0.588889 0.048438 0.075000
0 0.228750 0.583681 0.050312 0.049306
0 0.044531 0.629167 0.087500 0.247222
0 0.499219 0.573611 0.021875 0.033333
