0 0.403555 0.666806 0.152422 0.224722
0 0.957031 0.550000 0.042188 0.055556
0 0.471875 0.595833 0.028125 0.061111
0 0.835938 0.570833 0.056250 0.077778
0 0.877734 0.555556 0.042969 0.050000
0 0.991406 0.531250 0.017188 0.031944
0 0.793750 0.540278 0.040625 0.033333
0 0.756641 0.542361 0.025781 0.031944
0 0.972266 0.534028 0.027344 0.037500
0 0.354297 0.587500 0.027344 0.038889
0 0.700781 0.543750 0.012500 0.026389
0 0.852098 0.520715 0.019242 0.016986
0 0.869641 0.519965 0.015609 0.016347
0 0.896813 0.516306 0.022750 0.015056
0 0.912359 0.516521 0.019969 0.024097
0 0.930629 0.512542 0.018758 0.018278
0 0.991184 0.504153 0.017633 0.020000
0 0.647566 0.542257 0.017367 0.016542
0 0.450020 0.560563 0.013289 0.012208
0 0.455488 0.559042 0.010305 0.013667
