0 0.453945 0.523903 0.012703 0.015278
0 0.617578 0.606944 0.125781 0.141667
0 0.452344 0.595139 0.067187 0.106944
0 0.161719 0.568750 0.092188 0.070833
0 0.310937 0.552778 0.032813 0.038889
0 0.767578 0.550694 0.032031 0.031944
0 0.349609 0.539583 0.017969 0.018056
0 0.433383 0.525444 0.010078 0.010833
0 0.469129 0.539062 0.014523 0.014625
0 0.466227 0.529819 0.010891 0.012472
0 0.487828 0.529278 0.011250 0.021722
0 0.308082 0.525924 0.024586 0.034708
0 0.290320 0.518056 0.011656 0.020250
0 0.266137 0.507931 0.016633 0.020889
0 0.805781 0.552778 0.056875 0.100000
