0 0.461719 0.616667 0.079687 0.127778
0 0.020703 0.619444 0.039844 0.105556
0 0.039453 0.604167 0.038281 0.047222
0 0.082031 0.609028 0.060937 0.065278
0 0.433203 0.563194 0.024219 0.034722
0 0.167578 0.588194 0.022656 0.023611
0 0.501563 0.566042 0.017188 0.024306
0 0.192711 0.591146 0.081766 0.033653
0 0.275246 0.571153 0.024680 0.018972
0 0.362211 0.560743 0.026250 0.014875
0 0.531746 0.553764 0.004711 0.015056
0 0.543094 0.556097 0.014016 0.021194
0 0.398828 0.558681 0.009141 0.016806
0 0.388324 0.559583 0.015633 0.013333
0 0.413086 0.560819 0.015625 0.019167
0 0.508594 0.555444 0.016172 0.020556
