0 0.148438 0.706250 0.293750 0.256944
0 0.291016 0.650694 0.249219 0.187500
0 0.904648 0.595833 0.190703 0.213889
0 0.928906 0.789583 0.140625 0.298611
0 0.030859 0.772917 0.061719 0.220833
0 0.222656 0.438194 0.134375 0.095833
0 0.383203 0.624306 0.185156 0.145833
0 0.473438 0.606250 0.151562 0.104167
0 0.545703 0.600000 0.082031 0.069444
0 0.589102 0.593056 0.070391 0.063889
0 0.331250 0.463889 0.098437 0.083333
0 0.841875 0.590278 0.128750 0.133333
0 0.782773 0.578472 0.083359 0.068056
0 0.619367 0.592222 0.046094 0.044444
0 0.403129 0.488882 0.063164 0.063653
0 0.453934 0.624340 0.120164 0.115958
0 0.535949 0.608014 0.065602 0.077306
0 0.573906 0.596701 0.040297 0.056681
0 0.636281 0.586896 0.031656 0.033431
0 0.648137 0.585597 0.020086 0.027778
0 0.832023 0.583757 0.159734 0.114042
0 0.710934 0.580174 0.009617 0.023986
0 0.720297 0.582215 0.008891 0.025097
0 0.608852 0.555556 0.023953 0.016556
0 0.715379 0.553944 0.037789 0.013667
0 0.625586 0.553951 0.015734 0.023014
