0 0.820312 0.635417 0.093750 0.087500
0 0.069922 0.690972 0.139844 0.229167
0 0.931641 0.649306 0.136719 0.118056
0 0.846875 0.645833 0.067187 0.086111
0 0.782773 0.635069 0.038828 0.054861
0 0.413281 0.616667 0.020313 0.027778
0 0.544891 0.618500 0.041406 0.047222
0 0.429297 0.615278 0.013281 0.019444
0 0.600547 0.635069 0.098594 0.052083
0 0.387652 0.618049 0.030180 0.051653
0 0.558973 0.623549 0.034680 0.045319
0 0.353824 0.616222 0.026617 0.021333
0 0.759852 0.643014 0.013312 0.032333
0 0.764820 0.631521 0.056234 0.052653
0 0.726301 0.632521 0.038430 0.043986
0 0.700809 0.630021 0.017805 0.036319
0 0.684691 0.631354 0.015180 0.030986
