0 0.794141 0.704167 0.271094 0.250000
0 0.507812 0.661806 0.109375 0.173611
0 0.173828 0.688194 0.249219 0.231944
0 0.325000 0.624306 0.057813 0.065278
0 0.392188 0.624306 0.035937 0.043056
0 0.979688 0.652778 0.040625 0.069444
0 0.571484 0.637500 0.035156 0.047222
0 0.029297 0.615278 0.058594 0.061111
0 0.087109 0.617361 0.074219 0.062500
0 0.628516 0.634028 0.055469 0.040278
0 0.431250 0.619444 0.020313 0.027778
0 0.413281 0.621528 0.021875 0.037500
0 0.957422 0.641667 0.046094 0.058333
0 0.915234 0.644444 0.039844 0.047222
0 0.449219 0.618750 0.023438 0.026389
0 0.132305 0.613097 0.054906 0.060389
0 0.281984 0.616451 0.022063 0.041292
0 0.890031 0.638368 0.020391 0.024681
0 0.585797 0.623569 0.019188 0.025889
