0 0.413426 0.638958 0.023148 0.048194
0 0.099609 0.657639 0.199219 0.173611
0 0.211328 0.639583 0.142969 0.148611
0 0.341016 0.627083 0.130469 0.093056
0 0.458203 0.618889 0.062031 0.040000
0 0.492383 0.618472 0.018359 0.035278
0 0.587578 0.615972 0.023594 0.043056
0 0.287559 0.604813 0.034180 0.026792
0 0.499523 0.614431 0.021172 0.035000
0 0.518273 0.612347 0.016484 0.031667
0 0.524758 0.611792 0.014922 0.024444
0 0.530813 0.612556 0.012344 0.024028
0 0.540070 0.608667 0.018203 0.022639
0 0.566281 0.610472 0.012500 0.018472
0 0.600539 0.613875 0.006172 0.017778
