0 0.242578 0.422917 0.164844 0.229167
0 0.333984 0.377083 0.080469 0.137500
0 0.622656 0.368750 0.104688 0.137500
0 0.524609 0.358333 0.028906 0.066667
0 0.496094 0.356250 0.040625 0.054167
0 0.558203 0.357639 0.052344 0.095833
0 0.380859 0.370833 0.039844 0.077778
0 0.764062 0.393056 0.225000 0.247222
0 0.403125 0.356944 0.021875 0.047222
0 0.477969 0.349306 0.019062 0.037500
0 0.089023 0.453417 0.178047 0.557611
0 0.454801 0.348312 0.017367 0.027514
0 0.417668 0.352389 0.012133 0.020056
0 0.434824 0.349229 0.013602 0.015597
