0 0.493750 0.647917 0.018750 0.029167
0 0.529648 0.645208 0.017266 0.023472
0 0.467578 0.643750 0.013281 0.015278
0 0.612500 0.662500 0.098437 0.158333
0 0.544160 0.639604 0.007414 0.013181
0 0.549586 0.636472 0.006516 0.011417
0 0.561246 0.629326 0.005961 0.008681
0 0.568660 0.625625 0.005789 0.009333
0 0.504320 0.641778 0.006953 0.014167
0 0.515180 0.640181 0.006016 0.011806
0 0.521273 0.640875 0.007109 0.013194
0 0.532344 0.628875 0.007188 0.008917
0 0.481375 0.642049 0.009375 0.020653
0 0.524859 0.630903 0.006719 0.007917
0 0.412109 0.648611 0.027344 0.036111
